0.10

-90.00	0.08

-90.00	0.06

-90.00	0.04

-90.00	0.00

-112.00	-0.05

-167.17	-0.11

-177.05	-0.18

-200.00	-0.28

-200.00	-0.51

-200.00	-0.85

-200.00	-1.10

-200.00	-1.38

-200.00	-1.63

-200.00	-1.96

-200.00	-2.36

-200.00	-2.92

-200.00	-3.36

-200.00	-3.80

-200.00	-4.29

-200.00	-4.81

-200.00	-5.39

-200.00	-6.03

-200.00	-6.64

-200.00	-7.30

-200.00	-7.92

-200.00	-8.60

-200.00	-9.29

-200.00	-10.00

-200.00	-10.71

-200.00	-11.35

-200.00	-12.05

-200.00	-12.71

-200.00	-13.43

-200.00	-14.11

-200.00	-14.80

-200.00	-15.48

-200.00	-16.14

-200.00	-16.82

-200.00	-17.48

-200.00	-18.07

-200.00	-18.69

-200.00	-19.28

-200.00	-19.81

-200.00	-20.35

-200.00	-20.88

-200.00	-21.43

-200.00	-21.94

-200.00	-22.35

-200.00	-22.72

-200.00	-23.13

-200.00	-23.49

-200.00	-23.88

-200.00	-24.32

-200.00	-24.78

-200.00	-25.10

-200.00	-25.39

-200.00	-25.54

-200.00	-25.65

-200.00	-25.66

-141.21	-25.70

-200.00	-25.70

-103.08	-25.65

90.00	-25.46

200.00	-25.31

200.00	-25.00

200.00	-25.18

-200.00	-25.11

99.46	-24.80

200.00	-24.14

200.00	-23.44

200.00	-22.68

200.00	-21.96

200.00	-20.93

200.00	-20.32

200.00	-19.61

200.00	-18.88

200.00	-18.12

200.00	-17.19

200.00	-16.16

200.00	-15.09

200.00	-14.08

200.00	-12.92

200.00	-11.78

200.00	-10.58

200.00	-9.39

200.00	-8.20

200.00	-6.96

200.00	-5.71

200.00	-4.41

200.00	-3.09

200.00	-1.75

200.00	-0.27

200.00	0.99

200.00	2.20

200.00	3.40

200.00	4.57

200.00	5.77

200.00	6.79

200.00	7.82

200.00	8.91

200.00	10.15

200.00	11.34

200.00	12.49

200.00	13.66

200.00	14.91

200.00	16.32

200.00	17.63

200.00	18.68

200.00	20.01

200.00	21.12

200.00	22.03

200.00	22.82

200.00	24.07

200.00	24.97

200.00	26.13

200.00	26.90

200.00	27.71

200.00	28.40

200.00	29.17

200.00	29.82

200.00	30.42

200.00	31.05

200.00	31.78

200.00	32.73

200.00	33.27

200.00	33.72

200.00	34.34

200.00	34.72

200.00	34.96

200.00	35.18

200.00	35.33

200.00	35.36

200.00	35.74

200.00	35.83

200.00	35.97

200.00	36.01

200.00	35.88

-200.00	35.65

-200.00	35.29

-200.00	35.00

-200.00	34.61

-200.00	33.34

-200.00	33.07

-200.00	32.41

-200.00	32.06

-200.00	31.65

-200.00	31.28

-200.00	30.44

-200.00	29.40

-200.00	28.31

-200.00	27.30

-200.00	26.42

-200.00	25.31

-200.00	24.34

-200.00	23.29

-200.00	22.24

-200.00	21.06

-200.00	19.91

-200.00	19.24

-200.00	18.42

-200.00	17.46

-200.00	16.49

-200.00	15.51

-200.00	14.56

-200.00	13.67

-200.00	12.67

-200.00	11.53

-200.00	10.36

-200.00	9.21

-200.00	8.00

-200.00	6.78

-200.00	6.36

-200.00	5.55

-200.00	5.08

-200.00	4.75

-200.00	4.48

-200.00	4.02

-200.00	3.44

-200.00	2.46

-200.00	1.48

-200.00	0.98

-200.00	0.70

-200.00	0.49

-200.00	0.97

200.00	1.28

200.00	1.15

-200.00	1.06

-200.00	0.91

-200.00	0.93

90.00	0.66

-200.00	0.69

91.10	0.62

-200.00	0.72

200.00	0.83

200.00	1.04

200.00	1.07

106.31	1.61

200.00	1.58

-90.00	1.98

200.00	1.99

90.00	2.12

200.00	2.01

-200.00	2.37

200.00	3.17

200.00	4.00

200.00	4.38

200.00	5.01

200.00	5.57

200.00	6.22

200.00	6.68

200.00	6.93

200.00	7.44

200.00	7.79

200.00	8.57

200.00	9.25

200.00	9.93

200.00	10.74

200.00	11.53

200.00	12.16

200.00	12.89

200.00	13.46

200.00	13.96

200.00	14.37

200.00	15.09

200.00	15.56

200.00	16.03

200.00	16.36

200.00	17.01

200.00	17.62

200.00	18.10

200.00	18.58

200.00	19.04

200.00	19.49

200.00	19.96

200.00	20.53

200.00	21.10

200.00	21.50

200.00	21.74

200.00	21.90

200.00	22.55

200.00	23.63

200.00	24.15

200.00	24.70

200.00	25.02

200.00	25.26

200.00	25.66

200.00	26.13

200.00	26.30

200.00	26.49

200.00	26.60

200.00	26.51

-159.44	26.43

-109.02	26.38

-90.00	26.28

-189.79	26.27

90.00	25.58

-200.00	24.45

-200.00	23.64

-200.00	23.11

-200.00	23.10

90.00	23.93

200.00	23.24

-200.00	22.65

-200.00	21.92

-200.00	21.39

-200.00	21.26

-200.00	20.11

-200.00	18.95

-200.00	18.08

-200.00	17.04

-200.00	16.37

-200.00	16.28

-200.00	15.36

-200.00	13.99

-200.00	12.63

-200.00	12.20

-200.00	11.16

-200.00	9.97

-200.00	9.44

-200.00	9.15

-200.00	8.65

-200.00	7.24

-200.00	6.64

-200.00	5.79

-200.00	5.12

-200.00	4.54

-200.00	3.92

-200.00	3.26

-200.00	2.57

-200.00	2.07

-200.00	1.53

-200.00	0.91

-200.00	0.25

-200.00	-0.22

-200.00	-0.66

-200.00	-0.75

-200.00	-0.52

200.00	-0.36

200.00	-0.36

90.00	-0.54

-200.00	-0.37

200.00	-0.50

-200.00	0.67

200.00	1.62

200.00	2.44

200.00	3.06

200.00	3.55

200.00	4.05

200.00	5.00

200.00	5.79

200.00	6.11

200.00	6.66

200.00	7.25

200.00	8.02

200.00	8.63

200.00	8.91

200.00	9.36

200.00	9.98

200.00	10.35

200.00	10.98

200.00	11.47

200.00	12.14

200.00	12.94

200.00	13.72

200.00	14.75

200.00	15.55

200.00	16.24

200.00	16.90

200.00	17.35

200.00	17.93

200.00	18.67

200.00	19.67

200.00	20.60

200.00	21.56

200.00	22.52

200.00	23.09

200.00	23.80

200.00	24.27

200.00	25.01

200.00	25.59

200.00	25.99

200.00	26.58

200.00	27.09

200.00	27.36

200.00	27.80

200.00	28.19

200.00	28.48

200.00	28.51

200.00	28.87

200.00	29.28

200.00	29.46

200.00	29.35

-200.00	29.50

200.00	29.52

200.00	29.77

200.00	30.07

200.00	30.22

200.00	30.36

200.00	30.44

200.00	30.40

90.00	30.39

103.21	30.60

200.00	30.75

200.00	30.99

200.00	31.11

200.00	31.03

-120.18	30.77

-200.00	30.50

-200.00	30.19

-200.00	29.88

-200.00	28.42

-200.00	27.26

-200.00	27.11

-200.00	27.30

200.00	27.78

200.00	26.42

-200.00	27.16

200.00	26.56

-200.00	27.50

200.00	27.10

-200.00	26.32

-200.00	25.35

-200.00	24.34

-200.00	23.77

-200.00	23.04

-200.00	21.51

-200.00	20.29

-200.00	20.20

-175.60	20.84

200.00	21.16

200.00	19.49

-200.00	19.36

-200.00	18.37

-200.00	17.35

-200.00	17.17

-200.00	16.00

-200.00	15.27

-200.00	14.34

-200.00	13.10

-200.00	11.89

-200.00	11.35

-200.00	11.14

-200.00	10.84

-200.00	10.21

-200.00	10.84

200.00	10.14

-200.00	9.88

-200.00	9.31

-200.00	8.79

-200.00	8.44

-200.00	7.88

-200.00	7.33

-200.00	6.41

-200.00	6.24

-200.00	5.96

-200.00	5.36

-200.00	5.40

136.08	4.59

-200.00	4.14

-200.00	3.99

-200.00	3.61

-200.00	3.28

-200.00	2.85

-200.00	2.51

-200.00	2.25

-200.00	1.93

-200.00	1.75

-200.00	1.75

90.00	1.94

200.00	1.91

-90.00	1.84

-200.00	2.01

200.00	1.52

-200.00	2.12

200.00	2.59

200.00	3.34

200.00	3.52

200.00	3.57

158.73	3.64

200.00	3.84

200.00	4.02

200.00	4.22

200.00	4.65

200.00	5.18

200.00	5.72

200.00	6.10

200.00	6.48

200.00	6.78

200.00	7.15

200.00	7.27

200.00	8.01

200.00	8.95

200.00	9.46

200.00	10.12

200.00	10.74

200.00	11.28

200.00	11.86

200.00	12.33

200.00	12.75

200.00	13.15

200.00	13.50

200.00	14.03

200.00	14.72

200.00	15.09

200.00	15.43

200.00	15.76

200.00	16.21

200.00	16.43

200.00	16.95

200.00	17.22

200.00	17.38

200.00	17.71

200.00	18.11

200.00	18.33

200.00	18.50

200.00	18.43

-138.69	18.42

90.00	18.33

-200.00	18.31

90.00	18.19

-200.00	18.11

-168.79	17.84

-200.00	16.19

-200.00	15.82

-200.00	16.00

200.00	16.14

200.00	16.80

200.00	16.15

-200.00	14.57

-200.00	14.80

200.00	15.19

200.00	14.13

-200.00	14.05

-175.64	13.09

-200.00	12.36

-200.00	12.01

-200.00	11.50

-200.00	10.38

-200.00	8.76

-200.00	7.66

-200.00	8.37

200.00	7.71

-200.00	7.16

-200.00	5.99

-200.00	5.88

-200.00	5.30

-200.00	4.10

-200.00	3.38

-200.00	2.44

-200.00	1.62

-200.00	1.00

-200.00	0.72

-200.00	0.08

-200.00	-0.97

-200.00	-1.16

-200.00	-1.89

-200.00	-2.13

-200.00	-2.82

-200.00	-3.40

-200.00	-3.71

-200.00	-4.11

-200.00	-4.53

-200.00	-5.34

-200.00	-5.38

-142.09	-5.84

-200.00	-6.45

-200.00	-6.56

-200.00	-6.93

-200.00	-7.46

-200.00	-8.18

-200.00	-8.87

-200.00	-9.16

-200.00	-9.19

-143.19	-9.47

-200.00	-10.02

-200.00	-10.28

-200.00	-10.31

-152.57	-10.48

-200.00	-10.61

-200.00	-10.63

-117.24	-10.89

-200.00	-10.71

200.00	-10.75

-143.45	-11.10

-200.00	-11.25

-200.00	-11.49

-200.00	-11.66

-200.00	-11.75

-200.00	-12.01

-200.00	-12.26

-200.00	-12.22

90.00	-11.92

200.00	-11.78

200.00	-11.36

200.00	-10.98

200.00	-10.55

200.00	-10.00

200.00	-9.27

200.00	-7.80

200.00	-7.07

200.00	-6.63

200.00	-5.82

200.00	-5.68

200.00	-5.67

90.00	-5.43

200.00	-5.07

200.00	-4.50

200.00	-4.02

200.00	-3.59

200.00	-3.17

200.00	-2.69

200.00	-2.33

200.00	-1.88

200.00	-1.31

200.00	-0.62

200.00	0.20

200.00	0.73

200.00	1.42

200.00	1.89

200.00	2.40

200.00	2.81

200.00	3.29

200.00	4.07

200.00	4.44

200.00	4.77

200.00	5.19

200.00	5.62

200.00	5.92

200.00	6.94

200.00	7.78

200.00	8.36

200.00	8.64

200.00	9.11

200.00	9.61

200.00	10.13

200.00	10.75

200.00	11.11

200.00	11.15

163.88	11.30

200.00	11.53

200.00	11.74

200.00	11.88

200.00	11.93

181.43	11.83

-200.00	12.20

200.00	12.37

200.00	12.60

200.00	12.75

200.00	12.86

200.00	12.84

-90.00	12.84

90.00	12.79

-94.85	12.73

-120.37	12.67

-141.73	12.56

-200.00	12.34

-200.00	10.90

-200.00	9.95

-200.00	9.92

-90.00	10.89

200.00	10.97

200.00	10.00

-200.00	9.03

-200.00	8.02

-200.00	8.13

200.00	7.61

-200.00	7.11

-200.00	6.79

-200.00	6.16

-200.00	5.61

-200.00	4.90

-200.00	4.45

-200.00	3.99

-200.00	3.71

-200.00	4.39

200.00	4.11

-200.00	3.55

-200.00	2.90

-200.00	2.25

-200.00	1.13

-200.00	0.63

-200.00	-0.33

-200.00	-1.27

-200.00	-1.04

200.00	-1.39

-200.00	-1.97

-200.00	-2.70

-200.00	-3.57

-200.00	-4.56

-200.00	-5.04

-200.00	-5.29

-200.00	-5.53

-200.00	-6.11

-200.00	-6.66

-200.00	-7.13

-200.00	-7.30

-200.00	-7.67

-200.00	-8.57

-200.00	-9.08

-200.00	-9.66

-200.00	-10.09

-200.00	-10.43

-200.00	-10.62

-200.00	-10.91

-200.00	-10.99

-200.00	-11.24

-200.00	-11.56

-200.00	-12.20

-200.00	-12.47

-200.00	-12.81

-200.00	-13.07

-200.00	-12.95

200.00	-13.00

-198.71	-13.22

-200.00	-13.66

-200.00	-14.08

-200.00	-14.54

-200.00	-14.94

-200.00	-15.14

-200.00	-15.28

-200.00	-15.41

-200.00	-15.71

-200.00	-16.03

-200.00	-15.79

200.00	-15.75

90.00	-15.54

200.00	-14.94

200.00	-16.45

-200.00	-16.44

-90.00	-16.22

200.00	-16.19

90.00	-16.30

-200.00	-16.12

200.00	-15.65

200.00	-14.27

200.00	-14.83

-200.00	-14.15

200.00	-14.11

90.00	-13.99

200.00	-13.70

200.00	-13.49

200.00	-12.49

200.00	-11.98

200.00	-11.70

200.00	-11.22

200.00	-10.71

200.00	-10.21

200.00	-9.64

200.00	-9.05

200.00	-8.49

200.00	-8.00

200.00	-7.42

200.00	-6.78

200.00	-6.24

200.00	-5.86

200.00	-4.82

200.00	-4.34

200.00	-3.99

200.00	-3.48

200.00	-3.11

200.00	-2.61

200.00	-1.88

200.00	-1.52

200.00	-0.98

200.00	-0.50

200.00	-0.05

200.00	0.33

200.00	0.91

200.00	1.36

200.00	1.66

200.00	1.92

200.00	2.08

200.00	2.23

200.00	2.67

200.00	3.12

200.00	3.77

200.00	4.01

200.00	4.29

200.00	4.61

200.00	4.88

200.00	5.14

200.00	5.31

200.00	5.44

200.00	5.33

-200.00	5.43

200.00	5.24

-200.00	5.10

-200.00	4.92

-200.00	4.91

-90.00	3.57

-200.00	2.76

-200.00	3.10

200.00	2.58

-200.00	2.48

-200.00	2.81

200.00	1.39

-200.00	1.16

-200.00	0.04

-200.00	-0.41

-200.00	-0.75

-200.00	-1.37

-200.00	-0.54

200.00	-0.77

-200.00	-0.85

-200.00	-1.08

-200.00	-2.19

-200.00	-2.65

-200.00	-3.30

-200.00	-3.96

-200.00	-3.73

200.00	-3.79

-200.00	-3.77

90.00	-4.23

-200.00	-5.32

-200.00	-5.96

-200.00	-6.50

-200.00	-6.80

-200.00	-7.32

-200.00	-8.21

-200.00	-8.94

-200.00	-8.96

-116.51	-9.34

-200.00	-9.67

-200.00	-10.52

-200.00	-11.05

-200.00	-11.80

-200.00	-12.27

-200.00	-12.94

-200.00	-13.38

-200.00	-13.67

-200.00	-13.79

-200.00	-14.20

-200.00	-15.18

-200.00	-15.46

-200.00	-15.68

-200.00	-16.24

-200.00	-16.71

-200.00	-16.78

-200.00	-16.74

90.00	-16.87

-200.00	-17.12

-200.00	-17.35

-200.00	-17.70

-200.00	-17.67

90.00	-17.76

-200.00	-17.76

-103.81	-17.89

-200.00	-18.04

-200.00	-18.34

-200.00	-18.58

-200.00	-18.83

-200.00	-18.53

200.00	-18.49

90.00	-18.55

-200.00	-18.79

-200.00	-19.00

-200.00	-18.26

200.00	-18.16

200.00	-17.47

200.00	-16.57

200.00	-15.82

200.00	-15.72

200.00	-15.42

200.00	-15.00

200.00	-14.40

200.00	-13.45

200.00	-12.69

200.00	-12.34

200.00	-11.79

200.00	-11.33

200.00	-10.85

200.00	-10.41

200.00	-9.80

200.00	-9.32

200.00	-8.98

200.00	-8.20

200.00	-7.66

200.00	-7.39

200.00	-7.09

200.00	-6.76

200.00	-6.45

200.00	-5.86

200.00	-5.24

200.00	-4.92

200.00	-4.67

200.00	-4.41

200.00	-3.86

200.00	-3.38

200.00	-3.00

200.00	-2.81

200.00	-2.53

200.00	-1.76

200.00	-0.83

200.00	0.03

200.00	0.41

200.00	0.61

200.00	1.48

200.00	2.82

200.00	3.67

200.00	4.35

200.00	4.52

200.00	4.56

160.54	4.67

200.00	4.71

139.97	4.77

192.14	4.78

90.00	4.82

139.04	5.05

200.00	4.98

-196.32	4.77

-200.00	4.41

-200.00	4.23

-200.00	3.99

-200.00	2.60

-200.00	1.81

-200.00	2.36

200.00	2.10

-200.00	2.60

200.00	2.88

200.00	2.17

-200.00	1.78

-200.00	1.23

-200.00	0.80

-200.00	0.40

-200.00	0.15

-200.00	-0.44

-200.00	-0.87

-200.00	-1.37

-200.00	-2.01

-200.00	-2.85

-200.00	-3.65

-200.00	-4.67

-200.00	-5.34

-200.00	-6.06

-200.00	-6.87

-200.00	-7.45

-200.00	-7.22

200.00	-7.15

181.41	-7.75

-200.00	-8.57

-200.00	-9.54

-200.00	-9.97

-200.00	-10.47

-200.00	-10.77

-200.00	-11.15

-200.00	-11.44

-200.00	-12.00

-200.00	-13.48

-200.00	-13.98

-200.00	-13.74

200.00	-14.28

-200.00	-13.03

200.00	-14.12

-200.00	-12.76

200.00	-13.14

-200.00	-12.89

200.00	-12.69

200.00	-12.10

200.00	-10.92

200.00	-10.49

200.00	-10.40

200.00	-10.36

90.00	-10.40

-175.80	-10.59

-200.00	-10.43

200.00	-9.84

200.00	-9.42

200.00	-9.38

96.14	-9.01

200.00	-9.10

-200.00	-9.10

-90.00	-9.16

-200.00	-8.36

200.00	-8.04

200.00	-8.12

-200.00	-8.01

200.00	-7.92

200.00	-7.67

200.00	-7.74

-200.00	-7.85

-200.00	-7.70

200.00	-7.92

-200.00	-7.37

200.00	-7.37

-90.00	-7.51

-200.00	-7.42

200.00	-7.49

-200.00	-7.57

-200.00	-7.96

-200.00	-8.31

-200.00	-8.70

-200.00	-9.21

-200.00	-9.62

-200.00	-9.74

-200.00	-9.26

200.00	-10.08

-200.00	-10.07

-90.00	-10.50

-200.00	-10.76

-200.00	-10.94

-200.00	-11.21

-200.00	-11.53

-200.00	-11.81

-200.00	-11.42

200.00	-11.38

90.00	-9.99

200.00	-9.64

200.00	-9.06

200.00	-7.74

200.00	-7.66

200.00	-7.90

-200.00	-8.35

-200.00	-8.81

-200.00	-8.54

200.00	-8.69

-200.00	-9.23

-200.00	-9.66

-200.00	-8.97

200.00	-8.78

200.00	-7.94

200.00	-7.52

200.00	-7.34

200.00	-7.26

200.00	-7.35

-200.00	-6.45

200.00	-6.69

-200.00	-4.90

200.00	-3.76

200.00	-3.79

-134.61	-3.53

200.00	-3.23

200.00	-2.95

200.00	-2.73

200.00	-2.42

200.00	-2.27

200.00	-1.98

200.00	-1.92

169.49	-2.23

-200.00	-2.46

-200.00	-2.39

200.00	-2.29

200.00	-2.30

-90.00	-2.68

-200.00	-2.76

-200.00	-2.63

200.00	-2.75

-200.00	-1.79

200.00	-2.13

-200.00	-2.06

200.00	-2.37

-200.00	-2.61

-200.00	-2.90

-200.00	-3.14

-200.00	-3.33

-200.00	-3.80

-200.00	-4.01

-200.00	-4.21

-200.00	-4.08

200.00	-3.62

200.00	-3.87

-200.00	-2.80

200.00	-3.14

-200.00	-3.05

200.00	-3.16

-200.00	-3.27

-200.00	-3.57

-200.00	-3.89

-200.00	-4.06

-200.00	-4.41

-200.00	-5.56

-200.00	-6.16

-200.00	-6.38

-200.00	-6.37

-90.00	-5.46

200.00	-6.62

-200.00	-6.54

200.00	-7.18

-200.00	-7.25

-200.00	-7.05

200.00	-7.33

-200.00	-7.69

-200.00	-7.85

-200.00	-7.53

200.00	-7.32

200.00	-7.02

200.00	-6.85

200.00	-6.77

200.00	-6.76

-90.00	-6.73

90.00	-6.15

200.00	-5.58

200.00	-5.18

200.00	-5.18

-90.00	-4.83

200.00	-4.51

200.00	-4.20

200.00	-4.05

200.00	-3.57

200.00	-2.99

200.00	-2.26

200.00	-2.13

200.00	-1.98

200.00	-1.68

200.00	-1.32

200.00	-0.88

200.00	-0.59

200.00	-0.22

200.00	0.03

200.00	0.73

200.00	1.53

200.00	1.91

200.00	2.15

200.00	2.29

200.00	2.58

200.00	2.73

200.00	2.90

200.00	3.05

200.00	3.25

200.00	3.46

200.00	3.64

200.00	4.25

200.00	4.37

200.00	4.48

200.00	4.51

103.39	4.60

200.00	4.66

189.11	4.81

200.00	4.79

-90.00	4.78

-90.00	4.59

-200.00	4.51

-200.00	4.29

-200.00	4.06

-200.00	2.58

-200.00	2.77

200.00	2.48

-200.00	2.90

200.00	2.20

-200.00	1.66

-200.00	0.99

-200.00	0.65

-200.00	-0.12

-200.00	-0.65

-200.00	-0.60

150.54	-1.38

-200.00	-0.58

200.00	-0.59

-90.00	-1.01

-200.00	-2.09

-200.00	-3.03

-200.00	-3.55

-200.00	-4.22

-200.00	-4.72

-200.00	-5.43

-200.00	-6.32

-200.00	-6.97

-200.00	-7.84

-200.00	-8.54

-200.00	-9.22

-200.00	-9.15

167.68	-9.75

-200.00	-9.97

-200.00	-10.33

-200.00	-10.97

-200.00	-11.40

-200.00	-12.25

-200.00	-12.71

-200.00	-12.98

-200.00	-13.08

-200.00	-12.69

200.00	-12.39

200.00	-12.82

-200.00	-13.55

-200.00	-14.17

-200.00	-14.44

-200.00	-14.81

-200.00	-15.16

-200.00	-15.27

-200.00	-15.58

-200.00	-15.74

-200.00	-16.46

-200.00	-17.35

-200.00	-17.32

90.00	-17.32

-90.00	-16.82

200.00	-17.40

-200.00	-17.92

-200.00	-18.16

-200.00	-18.26

-200.00	-18.46

-200.00	-18.38

159.12	-18.05

200.00	-18.18

-200.00	-18.45

-200.00	-18.57

-200.00	-18.59

-155.98	-18.99

-200.00	-19.68

-200.00	-19.94

-200.00	-19.52

200.00	-19.36

200.00	-19.07

200.00	-19.63

-200.00	-19.65

-137.06	-17.84

200.00	-18.25

-200.00	-18.13

200.00	-18.58

-200.00	-18.80

-200.00	-18.66

200.00	-18.62

90.00	-18.57

90.00	-17.81

200.00	-17.10

200.00	-16.41

200.00	-15.75

200.00	-15.41

200.00	-14.28

200.00	-13.25

200.00	-13.19

152.92	-13.25

-200.00	-13.37

-200.00	-13.38

-90.00	-12.99

200.00	-12.66

200.00	-13.25

-200.00	-13.32

-200.00	-12.26

200.00	-11.47

200.00	-11.01

200.00	-11.13

-200.00	-10.35

200.00	-10.46

-200.00	-9.86

200.00	-9.72

200.00	-9.35

200.00	-9.05

200.00	-8.60

200.00	-8.10

200.00	-7.68

200.00	-7.29

200.00	-7.01

200.00	-6.73

200.00	-6.50

200.00	-6.08

200.00	-5.60

200.00	-5.34

200.00	-5.29

119.23	-5.08

200.00	-4.93

200.00	-4.76

200.00	-4.50

200.00	-4.13

200.00	-3.94

200.00	-3.82

200.00	-3.70

200.00	-3.48

200.00	-3.31

200.00	-2.97

200.00	-1.95

200.00	-1.70

200.00	-1.34

200.00	-1.26

200.00	-1.12

200.00	-0.96

200.00	-0.76

200.00	-0.80

-125.72	-0.91

-200.00	-1.17

-200.00	-1.31

-200.00	-1.43

-200.00	-1.86

-200.00	-2.27

-200.00	-1.24

200.00	-1.59

-200.00	-1.00

200.00	-1.42

-200.00	-2.38

-200.00	-2.78

-200.00	-3.15

-200.00	-3.71

-200.00	-4.19

-200.00	-3.25

200.00	-3.18

200.00	-2.08

200.00	-1.70

200.00	-1.37

200.00	-1.87

-200.00	-2.43

-200.00	-2.73

-200.00	-3.41

-200.00	-3.92

-200.00	-2.17

200.00	-2.45

-200.00	-2.69

-200.00	-1.93

200.00	-2.07

-200.00	-2.69

-200.00	-3.37

-200.00	-3.84

-200.00	-4.37

-200.00	-4.90

-200.00	-5.21

-200.00	-4.58

200.00	-5.13

-200.00	-5.07

149.45	-5.12

-175.64	-5.12

-90.00	-5.43

-200.00	-5.35

200.00	-5.57

-200.00	-5.71

-200.00	-6.19

-200.00	-6.62

-200.00	-6.93

-200.00	-7.52

-200.00	-8.12

-200.00	-8.05

174.71	-7.67

200.00	-7.55

200.00	-8.70

-200.00	-9.02

-200.00	-8.16

200.00	-8.87

-200.00	-8.86

-90.00	-8.76

200.00	-8.86

-200.00	-9.04

-200.00	-9.23

-200.00	-9.68

-200.00	-10.39

-200.00	-10.98

-200.00	-9.91

200.00	-10.34

-200.00	-9.99

200.00	-10.68

-200.00	-10.84

-200.00	-11.00

-200.00	-11.09

-200.00	-10.99

200.00	-11.08

-200.00	-11.23

-200.00	-11.19

90.00	-11.12

142.65	-11.03

200.00	-11.21

-200.00	-11.28

-200.00	-11.50

-200.00	-11.13

200.00	-10.50

200.00	-10.71

-200.00	-10.75

-180.30	-10.76

-90.00	-11.14

-200.00	-11.56

-200.00	-11.74

-200.00	-11.71

90.00	-11.94

-200.00	-11.22

200.00	-11.45

-200.00	-11.57

-200.00	-11.45

200.00	-11.43

90.00	-11.29

200.00	-11.37

-200.00	-11.39

-111.99	-10.98

200.00	-10.89

200.00	-10.45

200.00	-9.97

200.00	-9.66

200.00	-9.32

200.00	-9.32

-90.00	-9.30

90.00	-9.54

-200.00	-9.34

200.00	-9.07

200.00	-8.40

200.00	-8.08

200.00	-7.96

200.00	-7.65

200.00	-6.77

200.00	-5.68

200.00	-5.72

-139.52	-5.65

169.89	-5.83

-200.00	-5.70

200.00	-5.68

90.00	-5.43

200.00	-5.33

200.00	-5.17

200.00	-4.61

200.00	-4.52

200.00	-4.50

90.00	-3.93

200.00	-2.47

200.00	-2.49

-90.00	-2.61

-200.00	-2.73

-200.00	-2.70

90.00	-2.53

200.00	-3.04

-200.00	-3.61

-200.00	-3.66

-185.44	-3.69

-90.00	-3.95

-200.00	-3.05

200.00	-2.89

200.00	-2.96

-200.00	-2.00

200.00	-1.96

129.60	-1.53

200.00	-0.77

200.00	-0.05

200.00	-0.06

-90.00	-0.17

-200.00	-0.54

-200.00	-0.55

-90.00	-0.52

108.68	-0.66

-200.00	-0.85

-200.00	-0.65

200.00	-0.83

-200.00	-0.45

200.00	-0.18

200.00	0.26

200.00	0.36

200.00	0.68

200.00	1.84

200.00	2.47

200.00	2.82

200.00	2.43

-200.00	2.16

-200.00	2.19

99.86	2.42

200.00	2.41

-90.00	2.57

200.00	2.54

-100.73	3.28

200.00	3.73

200.00	3.92

200.00	4.19

200.00	4.24

171.81	5.14

200.00	5.48

200.00	5.80

200.00	5.47

-200.00	5.25

-200.00	5.27

90.00	5.45

200.00	5.64

200.00	5.83

200.00	5.72

-200.00	5.75

123.69	5.85

200.00	5.91

200.00	5.92

90.00	5.80

-200.00	5.84

145.65	5.58

-200.00	5.48

-200.00	5.90

200.00	5.81

-200.00	5.66

-200.00	5.41

-200.00	5.12

-200.00	4.82

-200.00	4.14

-200.00	3.65

-200.00	3.72

200.00	4.92

200.00	6.18

200.00	5.30

-200.00	5.59

200.00	5.26

-200.00	5.40

200.00	4.67

-200.00	3.92

-200.00	3.01

-200.00	2.69

-200.00	2.87

200.00	2.47

-200.00	1.62

-200.00	1.11

-200.00	1.76

200.00	2.21

200.00	3.49

200.00	2.58

-200.00	2.57

-90.00	2.49

-200.00	3.14

200.00	2.81

-200.00	2.89

200.00	2.66

-200.00	2.92

200.00	2.76

-200.00	2.56

-200.00	2.57

90.00	2.32

-200.00	2.39

200.00	2.17

-200.00	2.01

-200.00	2.14

200.00	1.95

-200.00	2.40

200.00	2.38

-90.00	2.49

200.00	2.56

200.00	2.66

200.00	2.64

-90.00	3.21

200.00	3.68

200.00	4.09

200.00	4.42

200.00	4.27

-200.00	4.75

200.00	4.70

-108.43	4.74

122.88	4.91

200.00	4.84

-190.10	4.85

90.00	5.32

200.00	5.48

200.00	5.85

200.00	6.16

200.00	6.38

200.00	6.70

200.00	6.60

-200.00	7.43

200.00	7.29

-200.00	7.12

-200.00	7.59

200.00	7.64

184.36	8.92

200.00	8.63

-200.00	8.38

-200.00	8.29

-200.00	8.00

-200.00	7.75

-200.00	7.45

-200.00	7.21

-200.00	7.83

200.00	8.61

200.00	8.65

162.27	9.38

200.00	9.76

200.00	9.64

-200.00	10.11

200.00	10.25

200.00	9.88

-200.00	9.57

-200.00	9.73

200.00	9.82

200.00	9.85

122.70	9.89

183.00	9.97

200.00	9.95

90.00	9.86

-200.00	9.58

-200.00	8.84

-200.00	8.48

-200.00	8.79

200.00	8.25

-200.00	7.74

-200.00	7.02

-200.00	6.65

-200.00	6.51

-200.00	6.55

153.62	5.09

-200.00	5.05

-102.77	4.65

-200.00	4.05

-200.00	3.59

-200.00	3.13

-200.00	2.60

-200.00	1.78

-200.00	1.02

-200.00	1.14

200.00	1.23

200.00	0.82

-200.00	0.47

-200.00	-0.15

-200.00	0.05

200.00	0.63

200.00	1.24

200.00	1.96

200.00	2.55

200.00	2.49

-150.70	2.46

-102.89	2.17

-200.00	2.74

200.00	2.98

200.00	3.13

200.00	3.38

200.00	3.57

200.00	4.10

200.00	5.03

200.00	5.14

200.00	5.20

200.00	4.96

-200.00	5.33

200.00	5.25

-200.00	5.73

200.00	5.22

-200.00	5.49

200.00	5.53

131.23	5.95

200.00	7.31

200.00	8.12

200.00	9.00

200.00	9.66

200.00	9.96

200.00	10.13

200.00	10.18

197.16	10.58

200.00	10.80

200.00	10.84

180.40	11.28

200.00	11.43

200.00	12.36

200.00	12.86

200.00	13.32

200.00	13.62

200.00	13.96

200.00	14.46

200.00	14.66

200.00	14.88

200.00	15.65

200.00	16.17

200.00	16.69

200.00	17.51

200.00	17.81

200.00	17.87

200.00	18.23

200.00	18.45

200.00	18.77

200.00	18.92

200.00	19.03

200.00	19.86

200.00	20.11

200.00	20.68

200.00	21.87

200.00	22.33

200.00	22.46

200.00	22.90

200.00	23.26

200.00	23.45

200.00	23.78

200.00	23.81

188.81	24.23

200.00	24.66

200.00	25.21

200.00	25.39

200.00	25.59

200.00	25.72

200.00	25.71

90.00	25.74

200.00	25.65

-173.53	25.53

-200.00	25.30

-200.00	25.05

-200.00	24.63

-200.00	23.06

-200.00	22.20

-200.00	21.83

-200.00	21.51

-200.00	21.14

-200.00	19.93

-200.00	18.76

-200.00	17.88

-200.00	17.23

-200.00	16.03

-200.00	15.43

-200.00	14.82

-200.00	14.16

-200.00	13.52

-200.00	12.69

-200.00	12.05

-200.00	11.59

-200.00	10.94

-200.00	10.27

-200.00	9.50

-200.00	8.66

-200.00	7.80

-200.00	7.04

-200.00	6.38

-200.00	5.57

-200.00	4.80

-200.00	3.95

-200.00	3.09

-200.00	2.18

-200.00	1.47

-200.00	0.89

-200.00	0.05

-200.00	-0.34

-200.00	-0.78

-200.00	-1.36

-200.00	-1.73

-200.00	-2.46

-200.00	-2.93

-200.00	-3.36

-200.00	-4.04

-200.00	-4.54

-200.00	-5.06

-200.00	-5.43

-200.00	-6.02

-200.00	-6.69

-200.00	-6.64

113.38	-6.31

200.00	-5.93

200.00	-5.65

200.00	-5.41

200.00	-4.32

200.00	-4.36

-130.15	-3.93

200.00	-3.46

200.00	-3.16

200.00	-3.05

200.00	-2.93

200.00	-2.64

200.00	-2.59

147.55	-2.05

200.00	-1.72

200.00	-1.14

200.00	-0.64

200.00	-0.07

200.00	0.27

200.00	1.30

200.00	1.64

200.00	1.93

200.00	2.09

200.00	2.53

200.00	3.20

200.00	3.71

200.00	4.08

200.00	4.55

200.00	5.48

200.00	5.75

200.00	6.76

200.00	7.42

200.00	7.90

200.00	8.91

200.00	9.25

200.00	10.07

200.00	10.54

200.00	11.45

200.00	12.06

200.00	12.50

200.00	13.09

200.00	13.30

200.00	13.62

200.00	14.00

200.00	14.32

200.00	14.77

200.00	15.21

200.00	15.43

200.00	15.63

200.00	16.08

200.00	16.17

200.00	16.07

-200.00	15.87

-200.00	15.53

-200.00	15.45

-194.32	15.11

-200.00	13.98

-200.00	13.42

-200.00	13.21

-200.00	13.70

200.00	13.19

-200.00	11.71

-200.00	11.35

-200.00	10.45

-200.00	9.51

-200.00	9.20

-200.00	9.14

-136.48	8.52

-200.00	7.82

-200.00	7.11

-200.00	6.35

-200.00	6.49

200.00	5.91

-200.00	5.93

90.00	6.11

200.00	5.41

-200.00	4.74

-200.00	3.96

-200.00	3.40

-200.00	2.86

-200.00	2.51

-200.00	2.08

-200.00	1.32

-200.00	0.16

-200.00	-0.39

-200.00	-0.36

91.01	0.50

200.00	0.15

-200.00	-0.81

-200.00	-1.21

-200.00	-1.51

-200.00	-2.30

-200.00	-2.34

-123.53	-2.85

-200.00	-2.89

-137.10	-3.55

-200.00	-4.42

-200.00	-4.55

-200.00	-4.42

200.00	-4.54

-200.00	-5.63

-200.00	-4.88

200.00	-5.63

-200.00	-5.24

200.00	-5.49

-200.00	-5.73

-200.00	-5.89

-200.00	-6.23

-200.00	-6.56

-200.00	-6.70

-200.00	-6.48

200.00	-6.98

-200.00	-7.56

-200.00	-8.11

-200.00	-8.29

-200.00	-8.13

200.00	-8.09

90.00	-8.65

-200.00	-8.23

200.00	-8.90

-200.00	-8.34

200.00	-8.69

-200.00	-8.83

-200.00	-8.87

-160.83	-9.31

-200.00	-9.41

-200.00	-9.12

200.00	-8.83

200.00	-9.09

-200.00	-8.93

200.00	-8.94

-91.23	-9.07

-200.00	-9.12

-199.57	-9.37

-200.00	-9.37

-90.00	-9.76

-200.00	-10.23

-200.00	-10.39

-200.00	-10.26

200.00	-10.01

200.00	-10.61

-200.00	-9.83

200.00	-10.07

-200.00	-9.45

200.00	-9.38

190.45	-8.90

200.00	-9.10

-200.00	-9.37

-200.00	-9.73

-200.00	-9.49

200.00	-9.27

200.00	-9.02

200.00	-8.45

200.00	-7.91

200.00	-8.08

-200.00	-8.51

-200.00	-8.75

-200.00	-9.05

-200.00	-9.25

-200.00	-9.45

-200.00	-9.49

-174.52	-9.72

-200.00	-10.36

-200.00	-10.99

-200.00	-10.82

200.00	-9.87

200.00	-8.37

200.00	-8.10

200.00	-7.94

200.00	-8.29

-200.00	-8.86

-200.00	-8.78

200.00	-9.13

-200.00	-8.98

200.00	-8.97

-90.00	-8.70

200.00	-9.06

-200.00	-9.02

90.00	-8.78

200.00	-8.94

-200.00	-9.35

-200.00	-9.32

90.00	-9.52

-200.00	-9.34

200.00	-9.62

-200.00	-9.59

90.00	-9.90

-200.00	-9.91

-90.00	-10.21

-200.00	-10.44

-200.00	-10.48

-147.63	-10.71

-200.00	-10.70

-90.00	-10.65

110.03	-10.68

-126.28	-9.23

200.00	-9.22

-90.00	-8.83

200.00	-8.45

200.00	-8.83

-200.00	-8.86

-135.24	-9.07

-200.00	-8.95

200.00	-9.12

-200.00	-8.49

200.00	-8.53

-150.20	-8.58

-200.00	-8.69

-200.00	-8.82

-200.00	-8.93

-200.00	-9.27

-200.00	-9.37

-200.00	-9.34

90.00	-9.34

-90.00	-9.11

200.00	-9.11

-90.00	-9.07

93.83	-8.79

200.00	-8.88

-200.00	-8.64

200.00	-8.05

200.00	-8.10

-188.15	-8.29

-200.00	-8.43

-200.00	-8.43

-90.00	-8.31

200.00	-7.90

200.00	-7.61

200.00	-7.18

200.00	-7.03

200.00	-6.79

200.00	-6.59

200.00	-6.34

200.00	-6.11

200.00	-6.17

-200.00	-6.50

-200.00	-6.60

-200.00	-6.05

200.00	-5.57

200.00	-6.33

-200.00	-6.50

-200.00	-5.63

200.00	-5.03

200.00	-6.50

-200.00	-6.43

200.00	-6.83

-200.00	-7.16

-200.00	-7.02

200.00	-6.89

200.00	-6.94

-162.05	-6.75

200.00	-6.88

-200.00	-6.99

-200.00	-6.99

-90.00	-7.00

-90.00	-7.00

-90.00	-6.96

90.00	-7.03

-200.00	-7.20

-200.00	-7.64

-200.00	-8.22

-200.00	-8.59

-200.00	-8.28

200.00	-6.96

200.00	-7.52

-200.00	-7.57

-177.74	-8.28

-200.00	-8.24

90.00	-8.54

-200.00	-8.64

-200.00	-8.99

-200.00	-9.22

-200.00	-9.03

200.00	-9.58

-200.00	-9.97

-200.00	-10.11

-200.00	-10.60

-200.00	-9.91

200.00	-10.23

-200.00	-9.15

200.00	-8.70

200.00	-9.12

-200.00	-9.16

-159.39	-9.43

-200.00	-9.51

-200.00	-9.34

200.00	-9.44

-200.00	-9.82

-200.00	-9.76

144.99	-10.11

-200.00	-10.40

-200.00	-10.47

-200.00	-10.57

-200.00	-10.50

159.79	-11.01

-200.00	-10.87

200.00	-10.76

200.00	-10.62

200.00	-10.59

90.00	-9.33

200.00	-9.07

200.00	-8.83

200.00	-9.13

-200.00	-9.47

-200.00	-9.59

-200.00	-9.32

200.00	-9.45

-200.00	-8.68

200.00	-8.75

-200.00	-8.67

200.00	-8.28

200.00	-7.09

200.00	-7.07

90.00	-6.90

200.00	-6.14

200.00	-5.12

200.00	-4.36

200.00	-4.33

90.00	-4.60

-200.00	-4.51

200.00	-4.40

200.00	-4.18

200.00	-3.99

200.00	-3.93

166.16	-2.87

200.00	-2.68

200.00	-2.57

200.00	-2.48

200.00	-1.84

200.00	-1.23

200.00	-0.54

200.00	-0.40

200.00	-0.22

200.00	0.41

200.00	1.07

200.00	1.52

200.00	1.85

200.00	2.21

200.00	2.87

200.00	3.22

200.00	3.48

200.00	3.72

200.00	3.89

200.00	4.83

200.00	5.10

200.00	5.33

200.00	5.58

200.00	6.15

200.00	6.75

200.00	7.28

200.00	7.58

200.00	8.19

200.00	8.53

200.00	8.98

200.00	9.33

200.00	9.57

200.00	9.71

200.00	9.71

90.00	9.69

-90.00	9.51

-200.00	9.16

-200.00	8.99

-200.00	8.84

-200.00	8.16

-200.00	7.38

-200.00	7.59

200.00	7.34

-200.00	7.68

200.00	6.28

-200.00	7.09

200.00	6.72

-200.00	6.30

-200.00	6.03

-200.00	5.59

-200.00	5.27

-200.00	4.47

-200.00	4.20

-200.00	4.40

200.00	3.03

-200.00	2.91

-200.00	2.83

-200.00	2.15

-200.00	1.45

-200.00	0.32

-200.00	-0.45

-200.00	-1.17

-200.00	-1.61

-200.00	-1.93

-200.00	-2.87

-200.00	-3.46

-200.00	-3.62

-200.00	-4.16

-200.00	-4.80

-200.00	-5.32

-200.00	-5.94

-200.00	-6.41

-200.00	-6.79

-200.00	-7.25

-200.00	-7.42

-200.00	-6.90

200.00	-7.12

-200.00	-7.67

-200.00	-8.11

-200.00	-8.68

-200.00	-8.89

-200.00	-9.13

-200.00	-9.28

-200.00	-9.58

-200.00	-9.85

-200.00	-10.15

-200.00	-10.52

-200.00	-10.57

-200.00	-10.39

200.00	-9.99

200.00	-9.84

200.00	-9.57

200.00	-9.52

107.13	-8.17

200.00	-8.05

200.00	-8.32

-200.00	-8.67

-200.00	-8.90

-200.00	-8.66

200.00	-8.55

200.00	-8.86

-200.00	-8.03

200.00	-6.86

200.00	-6.34

200.00	-4.79

200.00	-4.76

90.00	-3.94

200.00	-3.28

200.00	-3.24

125.40	-3.40

-200.00	-3.48

-200.00	-3.48

90.00	-2.83

200.00	-2.75

200.00	-2.45

200.00	-2.13

200.00	-2.00

200.00	-0.91

200.00	-0.36

200.00	0.76

200.00	1.31

200.00	1.46

200.00	1.25

-200.00	2.04

200.00	2.44

200.00	3.59

200.00	4.20

200.00	4.44

200.00	5.33

200.00	5.98

200.00	6.86

200.00	7.96

200.00	9.47

200.00	10.31

200.00	11.21

200.00	11.40

200.00	11.71

200.00	12.33

200.00	12.78

200.00	13.79

200.00	14.36

200.00	15.77

200.00	16.96

200.00	17.82

200.00	18.06

200.00	18.79

200.00	19.49

200.00	19.97

200.00	20.50

200.00	21.07

200.00	21.44

200.00	21.33

-200.00	21.17

-200.00	21.04

-200.00	20.83

-200.00	20.50

-200.00	19.45

-200.00	19.19

-200.00	19.52

200.00	18.32

-200.00	16.61

-200.00	15.80

-200.00	14.80

-200.00	13.55

-200.00	12.10

-200.00	11.33

-200.00	10.36

-200.00	9.28

-200.00	8.33

-200.00	7.76

-200.00	6.94

-200.00	6.00

-200.00	4.96

-200.00	3.83

-200.00	3.37

-200.00	2.51

-200.00	1.81

-200.00	1.30

-200.00	0.44

-200.00	-0.36

-200.00	-1.02

-200.00	-1.85

-200.00	-2.56

-200.00	-3.18

-200.00	-4.03

-200.00	-4.90

-200.00	-5.41

-200.00	-6.22

-200.00	-6.96

-200.00	-7.82

-200.00	-8.72

-200.00	-9.57

-200.00	-10.41

-200.00	-11.07

-200.00	-11.88

-200.00	-12.50

-200.00	-13.40

-200.00	-14.18

-200.00	-14.93

-200.00	-15.58

-200.00	-16.32

-200.00	-16.91

-200.00	-17.57

-200.00	-18.23

-200.00	-18.72

-200.00	-19.33

-200.00	-19.86

-200.00	-20.47

-200.00	-21.10

-200.00	-21.69

-200.00	-22.00

-200.00	-22.64

-200.00	-22.92

-200.00	-23.42

-200.00	-23.96

-200.00	-24.03

-200.00	-24.54

-200.00	-24.89

-200.00	-25.00

-200.00	-25.31

-200.00	-25.16

200.00	-25.57

-200.00	-25.65

-200.00	-25.69

-200.00	-25.86

-200.00	-26.03

-200.00	-26.05

-181.18	-25.89

200.00	-25.68

200.00	-25.63

90.00	-25.38

200.00	-25.13

200.00	-23.30

200.00	-22.92

200.00	-22.75

200.00	-22.40

200.00	-22.32

147.79	-21.78

200.00	-20.07

200.00	-18.48

200.00	-17.42

200.00	-15.83

200.00	-15.24

200.00	-14.47

200.00	-13.93

200.00	-13.28

200.00	-12.34

200.00	-11.58

200.00	-10.87

200.00	-10.16

200.00	-9.44

200.00	-8.63

200.00	-8.09

200.00	-7.55

200.00	-7.10

200.00	-6.75

200.00	-6.33

200.00	-6.12

200.00	-6.07

120.26	-6.06

90.00	-6.23

-200.00	-6.54

-200.00	-6.85

-200.00	-6.82

90.00	-7.08

-200.00	-8.10

-200.00	-8.52

-200.00	-7.68

200.00	-7.56

200.00	-7.66

-200.00	-8.50

-200.00	-8.82

-200.00	-9.34

-200.00	-9.73

-200.00	-10.21

-200.00	-10.08

200.00	-9.97

200.00	-9.60

200.00	-10.04

-200.00	-11.24

-200.00	-11.33

-200.00	-12.00

-200.00	-12.67

-200.00	-13.27

-200.00	-14.02

-200.00	-14.79

-200.00	-16.09

-200.00	-16.86

-200.00	-17.94

-200.00	-18.24

-200.00	-17.39

200.00	-17.66

-200.00	-18.78

-200.00	-17.82

200.00	-18.47

-200.00	-18.63

-200.00	-18.81

-200.00	-19.24

-200.00	-20.02

-200.00	-20.45

-200.00	-21.08

-200.00	-21.29

-200.00	-21.74

-200.00	-22.40

-200.00	-22.72

-200.00	-23.06

-200.00	-23.52

-200.00	-22.81

200.00	-23.82

-200.00	-23.33

200.00	-23.49

-200.00	-22.97

200.00	-23.33

-200.00	-23.18

200.00	-23.46

-200.00	-22.86

200.00	-23.31

-200.00	-23.14

200.00	-23.02

200.00	-22.71

200.00	-22.11

200.00	-21.47

200.00	-21.01

200.00	-20.52

200.00	-20.32

200.00	-18.79

200.00	-18.73

101.54	-18.21

200.00	-17.77

200.00	-17.21

200.00	-16.54

200.00	-15.18

200.00	-13.68

200.00	-12.55

200.00	-12.04

200.00	-11.58

200.00	-11.05

200.00	-9.86

200.00	-9.42

200.00	-9.15

200.00	-8.64

200.00	-8.60

90.00	-8.40

200.00	-8.37

90.00	-8.45

-200.00	-8.47

-117.48	-8.61

-200.00	-8.53

199.81	-8.55

-93.09	-9.28

-200.00	-9.69

-200.00	-9.21

200.00	-9.83

-200.00	-9.70

200.00	-8.74

200.00	-9.69

-200.00	-9.34

200.00	-9.60

-200.00	-10.04

-200.00	-10.02

90.00	-10.04

-114.85	-9.25

200.00	-9.35

-200.00	-9.25

200.00	-9.55

-200.00	-9.90

-200.00	-10.09

-200.00	-10.47

-200.00	-10.97

-200.00	-11.27

-200.00	-11.74

-200.00	-12.29

-200.00	-12.77

-200.00	-13.29

-200.00	-13.67

-200.00	-14.11

-200.00	-14.44

-200.00	-14.86

-200.00	-15.10

-200.00	-15.36

-200.00	-15.75

-200.00	-16.18

-200.00	-16.36

-200.00	-16.74

-200.00	-17.07

-200.00	-17.47

-200.00	-17.90

-200.00	-18.03

-200.00	-17.76

200.00	-17.96

-200.00	-18.15

-200.00	-18.19

-200.00	-18.65

-200.00	-18.73

-200.00	-19.20

-200.00	-19.42

-200.00	-19.79

-200.00	-20.01

-200.00	-19.94

128.61	-19.82

200.00	-18.73

200.00	-18.71

-90.00	-19.06

-200.00	-18.52

200.00	-18.70

-200.00	-17.88

200.00	-18.21

-200.00	-18.33

-200.00	-18.51

-200.00	-18.62

-200.00	-18.84

-200.00	-19.33

-200.00	-19.98

-200.00	-19.37

200.00	-19.55

-200.00	-19.72

-200.00	-21.08

-200.00	-21.43

-200.00	-21.56

-200.00	-21.97

-200.00	-21.92

90.00	-21.99

-200.00	-21.18

200.00	-20.20

200.00	-19.82

200.00	-19.48

200.00	-19.63

-200.00	-19.80

-200.00	-19.78

-90.00	-19.65

200.00	-19.62

-90.00	-19.65

-186.26	-19.68

-176.43	-19.81

-200.00	-19.72

200.00	-19.87

-200.00	-20.17

-200.00	-20.42

-200.00	-20.58

-200.00	-20.82

-200.00	-20.88

-200.00	-21.11

-200.00	-20.66

200.00	-20.40

200.00	-19.51

200.00	-19.36

200.00	-19.43

-200.00	-18.49

200.00	-18.47

-90.00	-18.47

-90.00	-18.65

-200.00	-18.87

-200.00	-18.76

200.00	-18.48

200.00	-18.63

-200.00	-18.80

-200.00	-18.90

-200.00	-19.26

-200.00	-19.64

-200.00	-20.00

-200.00	-20.26

-200.00	-20.33

-200.00	-20.35

-149.88	-20.18

200.00	-20.38

-200.00	-20.17

200.00	-19.97

200.00	-20.17

-200.00	-20.32

-200.00	-20.55

-200.00	-20.91

-200.00	-21.35

-200.00	-21.40

-200.00	-21.72

-200.00	-22.06

-200.00	-22.92

-200.00	-22.58

200.00	-22.80

-200.00	-22.15

200.00	-21.42

200.00	-22.15

-200.00	-21.20

200.00	-21.07

200.00	-20.34

200.00	-20.58

-200.00	-20.35

200.00	-20.57

-200.00	-20.04

200.00	-19.62

200.00	-19.78

-200.00	-18.40

200.00	-18.02

200.00	-17.00

200.00	-16.77

200.00	-15.39

200.00	-14.07

200.00	-13.98

200.00	-13.83

200.00	-13.23

200.00	-12.79

200.00	-12.17

200.00	-11.53

200.00	-11.03

200.00	-10.27

200.00	-9.73

200.00	-9.38

200.00	-8.79

200.00	-8.22

200.00	-7.60

200.00	-7.26

200.00	-6.95

200.00	-6.52

200.00	-5.30

200.00	-4.13

200.00	-3.48

200.00	-2.72

200.00	-1.53

200.00	-1.27

200.00	-1.02

200.00	-0.51

200.00	-0.05

200.00	0.53

200.00	0.90

200.00	1.66

200.00	2.02

200.00	2.51

200.00	2.72

200.00	3.06

200.00	3.33

200.00	4.14

200.00	4.73

200.00	5.05

200.00	5.31

200.00	5.73

200.00	6.18

200.00	7.10

200.00	7.67

200.00	8.16

200.00	8.77

200.00	8.87

200.00	9.18

200.00	9.63

200.00	10.74

200.00	10.98

200.00	11.42

200.00	12.02

200.00	13.06

200.00	13.65

200.00	13.84

200.00	14.16

200.00	14.41

200.00	14.55

200.00	15.16

200.00	15.56

200.00	15.91

200.00	16.25

200.00	16.43

200.00	16.81

200.00	17.22

200.00	17.71

200.00	18.58

200.00	18.93

200.00	19.43

200.00	19.97

200.00	20.63

200.00	21.28

200.00	21.98

200.00	22.24

200.00	22.08

-200.00	22.63

200.00	22.49

-200.00	22.16

-200.00	21.83

-200.00	20.84

-200.00	20.19

-200.00	19.30

-200.00	19.24

-90.00	18.46

-200.00	17.46

-200.00	16.62

-200.00	15.63

-200.00	14.22

-200.00	13.49

-200.00	12.44

-200.00	11.38

-200.00	10.44

-200.00	9.42

-200.00	8.91

-200.00	8.08

-200.00	7.45

-200.00	6.77

-200.00	6.05

-200.00	5.28

-200.00	4.33

-200.00	3.71

-200.00	3.04

-200.00	2.60

-200.00	2.05

-200.00	1.60

-200.00	1.04

-200.00	0.79

-200.00	0.54

-200.00	0.01

-200.00	-0.63

-200.00	-1.20

-200.00	-1.69

-200.00	-2.24

-200.00	-2.85

-200.00	-3.46

-200.00	-4.15

-200.00	-4.67

-200.00	-5.21

-200.00	-5.90

-200.00	-6.49

-200.00	-7.14

-200.00	-7.36

-200.00	-7.91

-200.00	-8.49

-200.00	-8.93

-200.00	-9.24

-200.00	-9.67

-200.00	-10.16

-200.00	-10.49

-200.00	-10.78

-200.00	-11.15

-200.00	-11.34

-200.00	-11.65

-200.00	-11.76

-200.00	-12.16

-200.00	-12.34

-200.00	-12.33

-90.00	-12.30

90.00	-12.23

172.58	-12.44

-200.00	-12.60

-200.00	-12.95

-200.00	-13.09

-200.00	-13.55

-200.00	-14.12

-200.00	-14.44

-200.00	-14.70

-200.00	-15.01

-200.00	-15.35

-200.00	-16.15

-200.00	-16.77

-200.00	-16.48

200.00	-15.36

200.00	-14.71

200.00	-15.97

-200.00	-14.82

200.00	-14.84

-138.70	-13.97

200.00	-14.66

-200.00	-14.99

-200.00	-13.69

200.00	-13.01

200.00	-11.56

200.00	-11.37

200.00	-10.81

200.00	-10.48

200.00	-9.31

200.00	-7.47

200.00	-6.29

200.00	-5.34

200.00	-4.50

200.00	-4.33

200.00	-2.99

200.00	-2.91

200.00	-2.74

200.00	-2.57

200.00	-2.34

200.00	-1.55

200.00	-1.22

200.00	-1.08

200.00	-0.85

200.00	-0.24

200.00	0.09

200.00	0.59

200.00	0.94

200.00	1.54

200.00	1.95

200.00	2.43

200.00	3.10

200.00	3.19

200.00	3.41

200.00	3.90

200.00	4.47

200.00	4.67

200.00	5.14

200.00	5.84

200.00	6.21

200.00	6.84

200.00	7.09

200.00	7.23

200.00	7.72

200.00	8.06

200.00	8.35

200.00	8.48

200.00	8.69

200.00	9.12

200.00	9.13

90.00	9.70

200.00	10.06

200.00	10.24

200.00	10.26

108.33	10.41

200.00	11.19

200.00	11.48

200.00	12.12

200.00	12.62

200.00	12.94

200.00	13.93

200.00	13.87

-128.98	13.68

-200.00	13.58

-200.00	13.66

200.00	13.49

-200.00	12.40

-200.00	11.70

-200.00	11.03

-200.00	10.40

-200.00	9.92

-200.00	9.94

102.22	9.19

-200.00	8.63

-200.00	9.29

200.00	9.10

-200.00	9.50

200.00	9.16

-200.00	8.44

-200.00	7.82

-200.00	7.13

-200.00	6.55

-200.00	5.45

-200.00	4.46

-200.00	3.99

-200.00	4.09

200.00	4.25

200.00	3.10

-200.00	2.62

-200.00	1.61

-200.00	1.04

-200.00	0.28

-200.00	0.02

-200.00	1.05

200.00	1.13

200.00	1.00

-200.00	0.84

-200.00	0.55

-200.00	-0.03

-200.00	-0.42

-200.00	-1.24

-200.00	-1.58

-200.00	-1.00

200.00	-1.93

-200.00	-0.83

200.00	-1.54

-200.00	-2.05

-200.00	-2.32

-200.00	-2.69

-200.00	-2.77

-200.00	-2.58

200.00	-2.55

90.00	-2.21

200.00	-2.27

-191.29	-2.13

200.00	-1.87

200.00	-1.69

200.00	-1.00

200.00	-0.60

200.00	-0.40

200.00	0.12

200.00	-0.16

-200.00	-0.03

200.00	0.05

200.00	1.06

200.00	0.83

-200.00	1.18

200.00	1.09

-200.00	2.35

200.00	2.24

-200.00	2.54

200.00	2.51

-91.84	2.50

-90.00	2.44

-157.47	2.44

-90.00	2.92

200.00	3.45

200.00	4.23

200.00	4.08

-200.00	4.15

200.00	3.79

-200.00	3.54

-200.00	3.27

-200.00	2.78

-200.00	2.49

-200.00	2.01

-200.00	1.06

-200.00	0.11

-200.00	0.20

200.00	0.38

200.00	-0.60

-200.00	-0.05

200.00	-0.44

-200.00	-0.58

-200.00	-0.36

200.00	-0.93

-200.00	-1.50

-200.00	-1.72

-200.00	-2.31

-200.00	-2.50

-200.00	-3.48

-200.00	-4.51

-200.00	-4.89

-200.00	-4.44

200.00	-3.52

200.00	-4.27

-200.00	-3.43

200.00	-3.50

-200.00	-3.30

200.00	-3.93

-200.00	-4.18

-200.00	-4.56

-200.00	-5.20

-200.00	-5.22

-90.93	-5.57

-200.00	-7.01

-200.00	-7.72

-200.00	-7.36

200.00	-6.52

200.00	-5.47

200.00	-6.73

-200.00	-5.57

200.00	-4.80

200.00	-3.38

200.00	-3.48

-200.00	-3.63

-200.00	-4.27

-200.00	-4.67

-200.00	-4.56

200.00	-5.10

-200.00	-5.91

-200.00	-5.47

200.00	-4.14

200.00	-3.85

200.00	-2.41

200.00	-2.03

200.00	-2.06

-91.45	-2.21

-200.00	-2.47

-200.00	-2.87

-200.00	-2.84

90.00	-2.92

-200.00	-2.72

200.00	-2.80

-200.00	-2.10

200.00	-1.70

200.00	-2.50

-200.00	-2.25

200.00	-0.96

200.00	-0.89

188.92	-0.32

200.00	0.93

200.00	1.27

200.00	1.52

200.00	1.51

-90.00	1.52

90.00	1.34

-200.00	1.15

-200.00	1.25

200.00	1.54

200.00	1.85

200.00	2.09

200.00	2.12

90.00	2.64

200.00	2.64

-90.00	3.14

200.00	4.31

200.00	4.35

150.46	4.43

200.00	4.29

-200.00	3.99

-200.00	3.94

-149.10	3.84

-200.00	4.47

200.00	4.32

-200.00	4.33

90.00	4.20

-200.00	5.08

200.00	6.53

200.00	7.97

200.00	8.54

200.00	8.32

-200.00	8.25

-164.93	9.02

200.00	8.17

-200.00	7.91

-200.00	7.84

-189.34	7.58

-200.00	8.21

200.00	7.95

-200.00	7.72

-200.00	7.31

-200.00	7.25

-161.65	6.52

-200.00	6.60

200.00	6.25

-200.00	6.22

-90.00	5.61

-200.00	5.53

-200.00	5.17

-200.00	4.83

-200.00	4.32

-200.00	3.78

-200.00	3.26

-200.00	3.11

-200.00	2.77

-200.00	1.91

-200.00	1.46

-200.00	1.25

-200.00	0.68

-200.00	0.25

-200.00	-0.31

-200.00	-1.10

-200.00	-1.69

-200.00	-2.11

-200.00	-2.83

-200.00	-3.36

-200.00	-4.11

-200.00	-4.77

-200.00	-5.27

-200.00	-4.99

200.00	-4.71

200.00	-3.84

200.00	-3.83

90.00	-4.01

-200.00	-4.07

-200.00	-3.91

200.00	-4.08

-200.00	-4.15

-200.00	-4.06

200.00	-3.14

200.00	-2.14

200.00	-1.23

200.00	-0.70

200.00	-0.28

200.00	-0.16

200.00	-0.23

-197.60	-0.49

-200.00	-0.88

-200.00	-0.62

200.00	-0.01

200.00	0.19

200.00	0.31

200.00	0.45

200.00	1.48

200.00	2.25

200.00	2.58

200.00	3.15

200.00	3.14

-90.00	3.47

200.00	3.21

-200.00	3.86

200.00	4.44

200.00	4.56

200.00	5.13

200.00	5.35

200.00	6.14

200.00	6.66

200.00	7.33

200.00	7.75

200.00	8.46

200.00	9.02

200.00	9.38

200.00	9.82

200.00	10.21

200.00	10.96

200.00	11.63

200.00	12.32

200.00	12.75

200.00	13.27

200.00	13.47

200.00	13.95

200.00	14.47

200.00	15.50

200.00	15.76

200.00	16.13

200.00	16.54

200.00	16.70

200.00	17.37

200.00	17.96

200.00	18.46

200.00	18.92

200.00	19.29

200.00	19.80

200.00	20.20

200.00	20.80

200.00	21.10

200.00	22.02

200.00	22.58

200.00	23.12

200.00	23.75

200.00	24.34

200.00	24.53

200.00	25.61

200.00	26.01

200.00	26.55

200.00	26.75

200.00	26.94

200.00	27.08

200.00	27.60

200.00	27.72

200.00	28.16

200.00	28.60

200.00	28.58

90.00	29.05

200.00	29.00

-90.00	29.01

163.08	29.23

200.00	29.39

200.00	29.63

200.00	29.81

200.00	29.88

200.00	30.12

200.00	30.18

200.00	30.15

90.00	30.07

-100.92	29.86

-200.00	29.66

-200.00	29.38

-200.00	29.13

-200.00	27.87

-200.00	26.74

-200.00	26.77

200.00	26.47

-200.00	27.16

200.00	27.77

200.00	25.90

-200.00	26.07

200.00	24.93

-200.00	25.26

200.00	23.86

-200.00	23.18

-200.00	22.67

-200.00	21.75

-200.00	21.04

-200.00	20.03

-200.00	18.58

-200.00	17.35

-200.00	17.13

-200.00	17.04

-198.10	17.47

200.00	15.63

-200.00	16.12

200.00	14.86

-200.00	15.39

200.00	14.40

-200.00	13.52

-200.00	12.58

-200.00	11.77

-200.00	11.22

-200.00	10.64

-200.00	10.01

-200.00	8.83

-200.00	7.71

-200.00	7.37

-200.00	7.07

-200.00	7.83

200.00	6.46

-200.00	6.12

-200.00	5.83

-200.00	4.86

-200.00	4.71

-200.00	4.06

-200.00	3.78

-200.00	2.99

-200.00	2.42

-200.00	2.56

200.00	2.29

-200.00	3.19

200.00	2.23

-200.00	1.66

-200.00	1.14

-200.00	0.58

-200.00	0.26

-200.00	0.11

-200.00	0.02

-200.00	-0.27

-200.00	-0.22

151.44	0.33

200.00	-0.07

-200.00	0.20

200.00	-0.04

-200.00	-1.20

-200.00	-0.63

200.00	-0.58

143.37	0.85

200.00	0.95

200.00	1.47

200.00	1.28

-200.00	0.85

-200.00	0.51

-200.00	0.94

200.00	1.47

200.00	1.01

-200.00	1.37

200.00	1.25

-200.00	1.98

200.00	2.31

200.00	3.02

200.00	3.04

90.00	2.92

-200.00	4.45

200.00	5.43

200.00	5.06

-200.00	4.96

-200.00	4.83

-200.00	4.81

-90.00	5.00

200.00	4.88

-200.00	4.91

98.13	4.73

-200.00	4.67

-171.30	4.34

-200.00	4.28

-159.88	3.99

-200.00	3.77

-200.00	3.43

-200.00	2.96

-200.00	2.88

-200.00	2.59

-200.00	2.21

-200.00	1.58

-200.00	1.12

-200.00	1.22

200.00	0.90

-200.00	0.88

-90.00	0.51

-200.00	0.18

-200.00	0.11

-200.00	-0.36

-200.00	-0.48

-200.00	-0.92

-200.00	-1.09

-200.00	-1.32

-200.00	-1.99

-200.00	-2.52

-200.00	-3.36

-200.00	-3.84

-200.00	-3.53

200.00	-4.48

-200.00	-4.60

-200.00	-5.04

-200.00	-5.55

-200.00	-5.52

90.00	-5.99

-200.00	-5.15

200.00	-5.71

-200.00	-6.11

-200.00	-6.89

-200.00	-7.59

-200.00	-7.73

-200.00	-7.02

200.00	-6.39

200.00	-5.83

200.00	-6.14

-200.00	-6.30

-200.00	-6.65

-200.00	-5.54

200.00	-5.53

90.00	-5.95

-200.00	-5.23

200.00	-5.84

-200.00	-6.31

-200.00	-6.53

-200.00	-6.83

-200.00	-6.64

200.00	-7.52

-200.00	-7.47

122.35	-7.28

200.00	-6.55

200.00	-5.93

200.00	-5.16

200.00	-4.59

200.00	-4.32

200.00	-3.37

200.00	-2.75

200.00	-1.89

200.00	-1.17

200.00	-0.93

200.00	-0.47

200.00	0.14

200.00	0.65

200.00	1.05

200.00	1.42

200.00	2.16

200.00	2.74

200.00	3.61

200.00	4.20

200.00	4.65

200.00	4.99

200.00	5.47

200.00	5.59

200.00	6.94

200.00	8.35

200.00	9.86

200.00	11.08

200.00	11.61

200.00	12.13

200.00	13.13

200.00	14.34

200.00	15.77

200.00	16.73

200.00	18.06

200.00	19.00

200.00	19.34

200.00	19.81

200.00	20.15

200.00	21.09

200.00	22.19

200.00	23.16

200.00	23.46

200.00	23.68

200.00	24.67

200.00	25.13

200.00	25.73

200.00	26.07

200.00	26.28

200.00	26.62

200.00	27.07

200.00	27.70

200.00	28.31

200.00	29.13

200.00	29.80

200.00	30.42

200.00	30.55

200.00	30.72

200.00	31.25

200.00	31.31

200.00	31.43

200.00	31.81

200.00	31.76

-90.00	32.50

200.00	32.66

200.00	32.80

200.00	33.15

200.00	33.24

200.00	33.42

200.00	33.67

200.00	34.35

200.00	34.32

90.00	34.44

200.00	34.29

-200.00	33.96

-200.00	33.70

-200.00	33.58

-200.00	33.17

-200.00	31.80

-200.00	31.33

-200.00	30.87

-200.00	31.79

200.00	31.56

-200.00	29.68

-200.00	29.54

-200.00	28.05

-200.00	27.09

-200.00	25.74

-200.00	24.70

-200.00	23.79

-200.00	22.17

-200.00	21.84

-200.00	20.91

-200.00	20.15

-200.00	19.62

-200.00	18.12

-200.00	17.85

-200.00	16.44

-200.00	15.97

-200.00	14.79

-200.00	13.59

-200.00	12.43

-200.00	11.36

-200.00	10.48

-200.00	9.36

-200.00	8.91

-200.00	8.02

-200.00	6.96

-200.00	6.16

-200.00	5.27

-200.00	4.58

-200.00	3.81

-200.00	3.09

-200.00	2.52

-200.00	2.01

-200.00	1.28

-200.00	0.89

-200.00	0.59

-200.00	0.29

-200.00	-0.34

-200.00	-1.01

-200.00	-1.57

-200.00	-2.08

-200.00	-2.38

-200.00	-2.89

-200.00	-3.19

-200.00	-3.69

-200.00	-4.00

-200.00	-3.82

200.00	-4.10

-200.00	-4.71

-200.00	-5.37

-200.00	-5.97

-200.00	-6.54

-200.00	-6.86

-200.00	-6.97

-200.00	-7.22

-200.00	-7.37

-200.00	-7.68

-200.00	-8.24

-200.00	-8.49

-200.00	-9.02

-200.00	-9.50

-200.00	-9.90

-200.00	-10.86

-200.00	-11.76

-200.00	-10.88

200.00	-10.44

200.00	-9.80

200.00	-9.35

200.00	-8.13

200.00	-7.39

200.00	-7.19

200.00	-6.97

200.00	-6.51

200.00	-5.76

200.00	-5.00

200.00	-4.22

200.00	-3.80

200.00	-3.10

200.00	-2.72

200.00	-2.20

200.00	-1.89

200.00	-1.41

200.00	-1.13

200.00	-0.79

200.00	-0.27

200.00	0.12

200.00	0.42

200.00	1.27

200.00	1.82

200.00	2.78

200.00	3.19

200.00	4.12

200.00	4.56

200.00	5.12

200.00	5.88

200.00	6.73

200.00	7.27

200.00	7.72

200.00	8.46

200.00	9.19

200.00	9.71

200.00	10.02

200.00	10.37

200.00	10.75

200.00	11.07

200.00	11.65

200.00	12.08

200.00	12.56

200.00	12.76

200.00	13.09

200.00	13.54

200.00	13.89

200.00	14.52

200.00	15.08

200.00	15.46

200.00	15.96

200.00	16.65

200.00	16.86

200.00	17.71

200.00	18.10

200.00	18.33

200.00	18.62

200.00	18.66

200.00	18.88

200.00	18.99

200.00	19.36

200.00	19.53

200.00	19.78

200.00	19.93

200.00	20.02

200.00	20.35

200.00	20.53

200.00	20.46

-125.49	20.60

200.00	20.52

-165.90	20.90

200.00	21.01

200.00	20.95

-93.07	21.32

200.00	21.43

200.00	21.83

200.00	21.99

200.00	21.82

-200.00	22.01

200.00	21.80

-200.00	22.14

200.00	22.00

-200.00	21.99

90.00	21.96

-90.00	21.52

-200.00	21.55

186.66	21.14

-200.00	21.36

200.00	21.66

200.00	21.49

-200.00	21.33

-200.00	20.73

-200.00	20.08

-200.00	19.61

-200.00	18.77

-200.00	17.59

-200.00	16.75

-200.00	16.41

-200.00	16.28

-200.00	15.63

-200.00	14.64

-200.00	13.52

-200.00	12.81

-200.00	11.86

-200.00	11.15

-200.00	10.43

-200.00	9.99

-200.00	9.18

-200.00	8.52

-200.00	7.53

-200.00	6.89

-200.00	6.12

-200.00	5.60

-200.00	4.62

-200.00	4.39

-200.00	4.38

90.00	3.93

-200.00	3.17

-200.00	2.79

-200.00	2.20

-200.00	1.87

-200.00	1.42

-200.00	1.06

-200.00	0.41

-200.00	-0.31

-200.00	-1.17

-200.00	-1.83

-200.00	-1.85

-90.00	-1.86

-90.00	-3.21

-200.00	-3.39

-200.00	-3.79

-200.00	-4.05

-200.00	-4.04

90.00	-4.17

-200.00	-3.68

200.00	-3.85

-200.00	-4.21

-200.00	-4.48

-200.00	-4.22

200.00	-4.52

-200.00	-4.02

200.00	-3.61

200.00	-3.49

200.00	-2.77

200.00	-2.30

200.00	-1.95

200.00	-1.71

200.00	-1.69

90.00	-0.91

200.00	-0.52

200.00	0.08

200.00	0.49

200.00	0.81

200.00	1.28

200.00	1.82

200.00	2.49

200.00	3.06

200.00	3.49

200.00	3.99

200.00	4.26

200.00	5.12

200.00	5.64

200.00	6.18

200.00	7.01

200.00	7.75

200.00	8.50

200.00	9.49

200.00	10.01

200.00	10.75

200.00	11.62

200.00	12.40

200.00	13.60

200.00	13.99

200.00	14.07

200.00	14.77

200.00	15.03

200.00	15.29

200.00	15.84

200.00	16.32

200.00	16.53

200.00	16.95

200.00	17.25

200.00	17.73

200.00	18.17

200.00	19.10

200.00	19.08

90.00	19.29

200.00	19.46

200.00	19.84

200.00	20.02

200.00	20.10

200.00	20.38

200.00	21.20

200.00	21.81

200.00	21.89

200.00	21.99

200.00	22.23

200.00	22.93

200.00	23.29

200.00	23.18

-200.00	23.18

110.39	23.30

200.00	23.40

200.00	23.44

200.00	23.60

200.00	23.70

200.00	23.59

-200.00	23.40

-200.00	23.14

-200.00	22.86

-200.00	21.61

-200.00	20.64

-200.00	19.75

-200.00	20.12

200.00	20.04

-171.36	20.87

200.00	19.07

-200.00	19.63

200.00	19.35

-200.00	18.45

-200.00	19.65

200.00	17.89

-200.00	17.38

-200.00	16.45

-200.00	15.83

-200.00	14.49

-200.00	13.56

-200.00	13.04

-200.00	13.42

200.00	13.55

200.00	11.88

-200.00	12.54

200.00	11.51

-200.00	11.36

-200.00	10.74

-200.00	9.85

-200.00	9.01

-200.00	8.54

-200.00	7.91

-200.00	6.47

-200.00	5.16

-200.00	4.35

-200.00	5.03

200.00	5.70

200.00	6.91

200.00	5.51

-200.00	6.26

200.00	5.29

-200.00	5.75

200.00	5.51

-200.00	4.60

-200.00	3.63

-200.00	3.50

-200.00	3.24

-200.00	1.68

-200.00	0.63

-200.00	-0.05

-200.00	0.90

200.00	2.08

200.00	2.69

200.00	1.17

-200.00	2.05

200.00	1.05

-200.00	1.21

200.00	0.47

-200.00	-0.20

-200.00	-0.88

-200.00	-1.28

-200.00	-1.54

-200.00	-2.09

-200.00	-3.02

-200.00	-3.63

-200.00	-3.27

200.00	-2.34

200.00	-2.30

121.70	-3.33

-200.00	-2.60

200.00	-1.49

200.00	-1.41

200.00	-1.61

-200.00	-2.50

-200.00	-3.29

-200.00	-3.29

-90.00	-3.72

-200.00	-4.17

-200.00	-5.09

-200.00	-5.79

-200.00	-5.59

200.00	-5.08

200.00	-5.86

-200.00	-4.85

200.00	-5.04

-200.00	-4.47

200.00	-4.40

170.47	-4.93

-200.00	-5.43

-200.00	-6.42

-200.00	-6.85

-200.00	-7.17

-200.00	-7.69

-200.00	-8.31

-200.00	-9.08

-200.00	-9.09

-90.00	-8.04

200.00	-7.88

200.00	-9.20

-200.00	-9.29

-200.00	-9.68

-200.00	-8.69

200.00	-9.49

-200.00	-9.35

200.00	-9.50

-200.00	-9.83

-200.00	-9.63

200.00	-9.54

200.00	-8.93

200.00	-8.50

200.00	-8.36

200.00	-8.47

-200.00	-8.84

-200.00	-8.90

-200.00	-9.03

-200.00	-9.23

-200.00	-9.22

-90.00	-9.24

-105.95	-9.58

-200.00	-10.02

-200.00	-10.03

-90.00	-9.53

200.00	-10.75

-200.00	-10.96

-200.00	-11.49

-200.00	-11.77

-200.00	-12.16

-200.00	-12.54

-200.00	-12.84

-200.00	-13.37

-200.00	-13.54

-200.00	-12.98

200.00	-12.95

90.00	-11.85

200.00	-11.86

-90.00	-12.23

-200.00	-12.53

-200.00	-12.95

-200.00	-12.70

200.00	-12.93

-200.00	-13.28

-200.00	-13.21

153.45	-13.27

-200.00	-13.59

-200.00	-13.57

90.00	-13.16

200.00	-12.41

200.00	-10.96

200.00	-11.12

-200.00	-9.69

200.00	-9.88

-200.00	-10.02

-200.00	-10.48

-200.00	-10.87

-200.00	-10.00

200.00	-9.93

168.11	-10.71

-200.00	-10.61

200.00	-10.79

-200.00	-9.44

200.00	-9.09

200.00	-8.59

200.00	-8.37

200.00	-8.37

-90.00	-8.33

90.00	-8.42

-200.00	-8.74

-200.00	-8.62

200.00	-7.69

200.00	-7.44

200.00	-8.30

-200.00	-7.93

200.00	-7.65

200.00	-6.94

200.00	-6.90

90.00	-6.62

200.00	-5.31

200.00	-4.61

200.00	-4.83

-200.00	-4.95

-200.00	-5.25

-200.00	-5.25

-90.00	-5.33

-200.00	-5.41

-200.00	-4.70

200.00	-5.16

-200.00	-4.25

200.00	-3.41

200.00	-3.36

146.70	-2.82

200.00	-2.47

200.00	-0.80

200.00	0.42

200.00	0.30

-200.00	-0.09

-200.00	-0.59

-200.00	-0.45

200.00	0.54

200.00	0.01

-200.00	0.05

114.29	0.07

90.00	1.20

200.00	1.36

200.00	1.25

-200.00	1.24

-90.00	1.54

200.00	1.94

200.00	1.44

-200.00	1.51

200.00	1.41

-200.00	1.23

-200.00	1.22

-90.00	1.20

-90.00	1.45

200.00	1.92

200.00	1.75

-200.00	1.70

-122.36	1.60

-200.00	1.37

-200.00	1.28

-200.00	1.28

-90.00	1.22

-173.94	0.92

-200.00	0.40

-200.00	-0.00

-200.00	-0.35

-200.00	-0.53

-200.00	-1.19

-200.00	-1.24

-168.15	-1.44

-200.00	-1.35

200.00	-1.65

-200.00	-1.92

-200.00	-1.93

-90.00	-2.32

-200.00	-2.15

200.00	-2.17

-91.26	-2.26

-200.00	-2.23

90.00	-2.58

-200.00	-2.06

200.00	-1.67

200.00	-1.36

200.00	-0.70

200.00	-0.11

200.00	0.07

200.00	0.14

200.00	0.02

-200.00	-0.02

-120.78	-0.02

90.00	-0.14

-200.00	0.11

200.00	0.30

200.00	0.75

200.00	1.23

200.00	1.73

200.00	2.98

200.00	3.38

200.00	3.27

-200.00	3.24

-90.00	3.23

-90.00	3.75

200.00	4.68

200.00	5.14

200.00	5.52

200.00	5.97

200.00	6.45

200.00	8.31

200.00	9.95

200.00	10.66

200.00	10.47

-200.00	10.30

-200.00	10.27

-90.00	10.49

200.00	10.94

200.00	11.59

200.00	11.49

-200.00	12.15

200.00	12.33

200.00	12.58

200.00	12.88

200.00	13.15

200.00	13.25

200.00	13.35

200.00	13.19

-200.00	13.18

90.00	13.61

200.00	13.71

200.00	15.16

200.00	15.44

200.00	17.17

200.00	18.78

200.00	19.45

200.00	19.26

-200.00	19.76

200.00	19.51

-200.00	19.93

200.00	20.54

200.00	20.58

200.00	21.31

200.00	21.29

90.00	21.53

200.00	21.74

200.00	23.21

200.00	23.66

200.00	23.23

-200.00	23.36

200.00	23.17

-200.00	23.15

90.00	23.10

-90.00	22.95

-200.00	22.86

-176.14	22.37

-200.00	21.59

-200.00	21.41

-200.00	21.56

200.00	22.39

200.00	23.01

200.00	23.18

200.00	22.85

-200.00	24.60

200.00	23.90

-200.00	23.58

-200.00	23.19

-200.00	22.70

-200.00	22.79

200.00	21.38

-200.00	20.07

-200.00	19.55

-200.00	19.84

200.00	18.59

-200.00	19.57

200.00	19.25

-200.00	19.29

198.98	18.81

-200.00	18.18

-200.00	18.72

200.00	18.07

-200.00	18.40

200.00	18.08

-200.00	18.11

175.50	17.94

-200.00	17.56

-200.00	17.48

-158.09	17.01

-200.00	17.18

200.00	16.46

-200.00	15.91

-200.00	15.20

-200.00	14.89

-200.00	14.65

-200.00	14.38

-200.00	13.52

-200.00	13.24

-200.00	13.47

200.00	13.33

-200.00	13.87

200.00	13.49

-200.00	12.89

-200.00	12.51

-200.00	12.43

-200.00	12.80

200.00	12.27

-200.00	12.13

-200.00	11.95

-200.00	11.62

-200.00	11.63

90.00	11.14

-200.00	10.89

-200.00	11.03

200.00	12.10

200.00	12.55

200.00	12.83

200.00	12.90

200.00	13.85

200.00	13.92

200.00	13.92

90.00	13.46

-200.00	13.15

-200.00	13.40

200.00	13.72

200.00	14.22

200.00	15.23

200.00	15.13

-200.00	15.44

200.00	15.56

200.00	15.95

200.00	15.92

-90.00	15.68

-200.00	15.54

-200.00	15.17

-200.00	15.75

200.00	15.95

200.00	15.71

-200.00	16.05

200.00	16.07

104.94	16.91

200.00	17.19

200.00	17.50

200.00	18.59

200.00	19.67

200.00	19.29

-200.00	19.27

90.00	18.72

-200.00	19.22

200.00	19.40

200.00	19.18

-200.00	19.86

200.00	19.66

-200.00	20.07

200.00	20.37

200.00	20.39

159.04	20.64

200.00	20.40

-200.00	20.93

200.00	21.76

200.00	22.72

200.00	22.60

-200.00	23.14

200.00	22.70

-200.00	22.33

-200.00	22.34

137.25	22.17

-200.00	22.34

200.00	22.16

-200.00	22.22

200.00	22.31

200.00	22.10

-200.00	22.14

200.00	21.69

-200.00	21.88

200.00	21.53

-200.00	21.36

-200.00	21.57

200.00	21.43

-200.00	21.89

200.00	21.97

200.00	22.44

200.00	22.25

-200.00	21.88

-200.00	21.76

-200.00	21.12

-200.00	20.98

-200.00	20.77

-200.00	20.28

-200.00	19.13

-200.00	18.25

-200.00	18.34

200.00	19.20

200.00	18.22

-200.00	17.43

-200.00	17.52

200.00	18.20

200.00	17.99

-200.00	19.34

200.00	19.27

-115.77	18.70

-200.00	18.38

-200.00	18.10

-200.00	18.14

193.00	18.35

200.00	17.74

-200.00	17.68

-97.33	17.70

139.19	17.51

-200.00	17.35

-200.00	17.03

-200.00	16.73

-200.00	16.48

-200.00	15.72

-200.00	15.20

-200.00	14.38

-200.00	13.95

-200.00	13.73

-200.00	13.43

-200.00	12.46

-200.00	12.01

-200.00	11.61

-200.00	11.14

-200.00	10.41

-200.00	10.07

-200.00	9.70

-200.00	9.15

-200.00	8.41

-200.00	7.72

-200.00	7.82

200.00	7.43

-200.00	7.55

200.00	7.59

140.06	6.98

-200.00	6.93

-114.11	7.35

200.00	7.63

200.00	7.57

-150.29	7.89

200.00	7.65

-200.00	7.59

-151.80	7.96

200.00	7.88

-200.00	7.81

-181.49	7.55

-200.00	7.72

200.00	7.46

-200.00	7.39

-154.97	7.31

-200.00	6.91

-200.00	6.84

-186.52	6.25

-200.00	6.23

-90.00	5.97

-200.00	5.76

-200.00	5.82

186.03	5.64

-200.00	5.80

200.00	5.77

-90.00	6.02

200.00	6.18

200.00	6.42

200.00	6.40

-90.00	7.31

200.00	7.55

200.00	7.86

200.00	7.98

200.00	8.16

200.00	9.06

200.00	9.53

200.00	9.80

200.00	10.02

200.00	10.20

200.00	10.34

200.00	10.70

200.00	10.84

200.00	11.16

200.00	11.61

200.00	11.78

200.00	11.94

200.00	12.31

200.00	12.58

200.00	12.73

200.00	13.07

200.00	13.28

200.00	13.40

200.00	13.63

200.00	13.87

200.00	14.04

200.00	14.34

200.00	14.54

200.00	14.67

200.00	14.84

200.00	14.89

200.00	15.18

200.00	15.48

200.00	16.03

200.00	16.25

200.00	16.64

200.00	16.78

200.00	17.28

200.00	17.70

200.00	18.11

200.00	18.20

200.00	18.40

200.00	18.74

200.00	18.83

200.00	19.10

200.00	19.26

200.00	19.44

200.00	19.77

200.00	19.74

-90.00	19.74

93.92	19.64

-200.00	19.46

-200.00	19.25

-200.00	18.87

-200.00	18.09

-200.00	17.59

-200.00	17.50

-181.98	17.47

-90.00	17.92

200.00	17.53

-200.00	17.18

-200.00	16.80

-200.00	15.03

-200.00	14.66

-200.00	14.02

-200.00	13.20

-200.00	12.21

-200.00	11.28

-200.00	10.49

-200.00	9.40

-200.00	8.65

-200.00	8.26

-200.00	6.48

-200.00	5.82

-200.00	5.52

-200.00	4.65

-200.00	3.94

-200.00	3.27

-200.00	2.64

-200.00	1.90

-200.00	1.46

-200.00	0.75

-200.00	0.33

-200.00	-0.44

-200.00	-0.99

-200.00	-1.84

-200.00	-2.64

-200.00	-3.21

-200.00	-3.98

-200.00	-4.82

-200.00	-5.34

-200.00	-6.02

-200.00	-6.72

-200.00	-7.36

-200.00	-7.76

-200.00	-8.21

-200.00	-8.40

-200.00	-8.88

-200.00	-9.66

-200.00	-10.03

-200.00	-10.52

-200.00	-10.78

-200.00	-11.25

-200.00	-11.79

-200.00	-11.99

-200.00	-12.63

-200.00	-13.26

-200.00	-13.98

-200.00	-14.53

-200.00	-14.68

-200.00	-15.02

-200.00	-15.72

-200.00	-16.38

-200.00	-17.05

-200.00	-17.63

-200.00	-17.95

-200.00	-18.41

-200.00	-18.80

-200.00	-18.81

-117.35	-19.27

-200.00	-19.61

-200.00	-19.39

200.00	-19.35

90.00	-19.36

-110.94	-19.46

-200.00	-19.56

-200.00	-19.39

200.00	-19.63

-200.00	-19.41

200.00	-19.70

-200.00	-19.82

-200.00	-19.97

-200.00	-20.06

-200.00	-19.11

200.00	-18.91

200.00	-18.58

200.00	-18.36

200.00	-17.95

200.00	-17.64

200.00	-17.31

200.00	-15.92

200.00	-15.06

200.00	-14.54

200.00	-14.07

200.00	-13.35

200.00	-12.09

200.00	-10.80

200.00	-9.62

200.00	-8.82

200.00	-8.13

200.00	-7.71

200.00	-7.40

200.00	-6.77

200.00	-6.33

200.00	-5.98

200.00	-5.60

200.00	-4.87

200.00	-4.22

200.00	-3.56

200.00	-3.26

200.00	-2.72

200.00	-2.34

200.00	-2.00

200.00	-1.10

200.00	-0.84

200.00	-0.46

200.00	-0.08

200.00	0.15

200.00	0.77

200.00	1.26

200.00	1.84

200.00	2.38

200.00	3.05

200.00	3.49

200.00	4.04

200.00	4.76

200.00	5.18

200.00	5.42

200.00	5.84

200.00	6.06

200.00	6.25

200.00	6.71

200.00	6.77

196.15	7.01

200.00	7.00

-90.00	7.04

176.59	7.17

200.00	7.27

200.00	7.18

-200.00	6.98

-200.00	6.76

-200.00	5.90

-200.00	5.65

-200.00	5.09

-200.00	4.70

-200.00	4.40

-200.00	4.16

-200.00	3.23

-200.00	2.46

-200.00	1.67

-200.00	0.25

-200.00	0.15

-200.00	-0.89

-200.00	-0.84

156.20	-1.71

-200.00	-2.55

-200.00	-2.96

-200.00	-3.91

-200.00	-4.38

-200.00	-4.64

-200.00	-5.36

-200.00	-5.78

-200.00	-6.66

-200.00	-7.06

-200.00	-7.33

-200.00	-7.59

-200.00	-7.81

-200.00	-7.98

-200.00	-8.54

-200.00	-9.33

-200.00	-9.88

-200.00	-10.67

-200.00	-11.16

-200.00	-11.30

-200.00	-11.91

-200.00	-12.35

-200.00	-12.82

-200.00	-13.44

-200.00	-14.03

-200.00	-13.87

200.00	-14.18

-200.00	-14.70

-200.00	-14.81

-200.00	-15.26

-200.00	-15.46

-200.00	-15.75

-200.00	-16.01

-200.00	-16.17

-200.00	-16.66

-200.00	-17.22

-200.00	-17.85

-200.00	-17.21

200.00	-16.61

200.00	-16.97

-200.00	-16.84

200.00	-16.26

200.00	-14.58

200.00	-13.39

200.00	-13.35

90.00	-12.78

200.00	-12.79

-90.00	-12.83

-184.77	-11.66

200.00	-11.27

200.00	-9.54

200.00	-8.64

200.00	-8.16

200.00	-6.57

200.00	-6.63

-200.00	-6.69

-200.00	-6.66

90.00	-6.94

-200.00	-7.00

-200.00	-6.81

200.00	-6.74

186.95	-6.67

190.13	-7.27

-200.00	-6.27

200.00	-6.41

-200.00	-6.46

-200.00	-6.32

200.00	-6.43

-200.00	-5.70

200.00	-5.86

-200.00	-5.68

200.00	-5.60

199.50	-5.49

200.00	-5.02

200.00	-3.95

200.00	-2.69

200.00	-1.97

200.00	-1.46

200.00	-1.47

-90.00	-1.18

200.00	-1.23

-138.82	-0.76

200.00	-0.63

200.00	-0.52

200.00	0.19

200.00	0.23

134.47	0.81

200.00	1.08

200.00	1.37

200.00	3.17

200.00	3.76

200.00	4.56

200.00	4.49

-197.64	4.66

200.00	4.72

188.63	4.72

90.00	5.49

200.00	5.63

200.00	5.57

-157.09	5.59

90.00	5.36

-200.00	5.00

-200.00	4.94

-180.92	4.56

-200.00	3.89

-200.00	3.07

-200.00	2.43

-200.00	3.20

200.00	4.02

200.00	4.00

-90.00	3.78

-200.00	4.77

200.00	4.03

-200.00	3.76

-200.00	3.64

-200.00	3.29

-200.00	3.03

-200.00	2.34

-200.00	1.05

-200.00	-0.15

-200.00	-0.65

-200.00	-0.25

200.00	0.47

200.00	-1.02

-200.00	0.27

200.00	0.30

98.58	-0.47

-200.00	0.18

200.00	-0.70

-200.00	-1.17

-200.00	-1.93

-200.00	-2.46

-200.00	-2.65

-200.00	-3.67

-200.00	-4.48

-200.00	-4.96

-200.00	-4.39

200.00	-3.85

200.00	-3.18

200.00	-3.50

-200.00	-3.62

-200.00	-4.22

-200.00	-3.44

200.00	-4.35

-200.00	-4.48

-200.00	-5.17

-200.00	-5.60

-200.00	-6.42

-200.00	-7.42

-200.00	-7.77

-200.00	-7.12

200.00	-7.07

148.32	-6.03

200.00	-7.27

-200.00	-6.25

200.00	-4.94

200.00	-3.44

200.00	-3.72

-200.00	-4.09

-200.00	-4.50

-200.00	-4.49

90.00	-4.67

-200.00	-5.42

-200.00	-5.88

-200.00	-5.91

-124.11	-4.92

200.00	-3.67

200.00	-3.96

-200.00	-3.82

200.00	-3.83

-90.00	-4.13

-200.00	-2.84

200.00	-3.05

-200.00	-3.29

-200.00	-3.58

-200.00	-3.74

-200.00	-3.71

102.40	-4.34

-200.00	-5.07

-200.00	-5.33

-200.00	-4.74

200.00	-4.55

200.00	-5.84

-200.00	-4.45

200.00	-4.89

-200.00	-3.25

200.00	-2.92

200.00	-2.27

200.00	-2.35

-200.00	-2.54

-200.00	-3.11

-200.00	-3.39

-200.00	-3.14

200.00	-3.62

-200.00	-2.64

200.00	-2.15

200.00	-0.57

200.00	-1.31

-200.00	-0.55

200.00	-0.68

-200.00	-0.36

200.00	-0.73

-200.00	-0.97

-200.00	-1.21

-200.00	-1.36

-200.00	-1.49

-200.00	-2.45

-200.00	-3.37

-200.00	-3.73

-200.00	-3.13

200.00	-2.63

200.00	-1.65

200.00	-3.05

-200.00	-2.95

200.00	-1.61

200.00	-1.65

-130.67	-2.08

-200.00	-2.81

-200.00	-2.96

-200.00	-2.61

200.00	-2.72

-200.00	-3.58

-200.00	-3.96

-200.00	-3.47

200.00	-2.98

200.00	-3.82

-200.00	-3.19

200.00	-3.29

-200.00	-3.01

200.00	-2.02

200.00	-1.76

200.00	-1.96

-200.00	-1.79

200.00	-2.20

-200.00	-2.60

-200.00	-2.70

-200.00	-2.64

178.40	-2.48

200.00	-2.00

200.00	-1.96

101.31	-2.08

-200.00	-1.60

200.00	-1.28

200.00	-0.73

200.00	0.30

200.00	1.00

200.00	0.70

-200.00	0.86

200.00	0.50

-200.00	0.96

200.00	1.31

200.00	1.32

90.00	1.89

200.00	1.73

-200.00	1.82

200.00	1.82

90.00	1.93

200.00	2.24

200.00	2.28

139.31	2.33

174.98	2.32

-90.00	2.16

-200.00	1.73

-200.00	1.55

-200.00	3.00

200.00	2.80

-200.00	2.18

-200.00	2.29

200.00	3.37

200.00	4.14

200.00	5.41

200.00	4.23

-200.00	4.59

200.00	5.38

200.00	6.15

200.00	5.82

-200.00	5.54

-200.00	5.24

-200.00	5.08

-200.00	5.00

-200.00	4.65

-200.00	4.11

-200.00	2.72

-200.00	3.09

200.00	4.18

200.00	5.67

200.00	4.58

-200.00	5.86

200.00	6.30

200.00	6.12

-200.00	6.16

134.36	5.40

-200.00	5.24

-200.00	5.23

-90.00	5.66

200.00	5.38

-200.00	4.56

-200.00	4.40

-200.00	4.39

-90.00	3.89

-200.00	3.94

155.67	3.85

-200.00	4.51

200.00	4.22

-200.00	3.85

-200.00	3.78

-197.33	3.52

-200.00	3.22

-200.00	2.41

-200.00	1.66

-200.00	2.53

200.00	2.95

200.00	3.72

200.00	2.96

-200.00	3.84

200.00	3.33

-200.00	4.94

200.00	5.86

200.00	5.39

-200.00	5.33

-163.05	5.17

-200.00	5.60

200.00	5.44

-200.00	5.53

200.00	5.31

-200.00	5.00

-200.00	5.19

200.00	5.04

-200.00	5.61

200.00	5.80

200.00	5.99

200.00	6.26

200.00	6.06

-200.00	6.36

200.00	8.00

200.00	9.15

200.00	9.02

-200.00	9.22

200.00	8.97

-200.00	8.78

-200.00	8.57

-200.00	8.58

90.00	8.67

200.00	8.72

186.47	8.56

-200.00	8.69

200.00	8.48

-200.00	8.67

200.00	8.70

127.63	8.82

200.00	8.88

200.00	8.70

-200.00	9.43

200.00	9.37

-140.85	9.07

-200.00	9.02

-140.47	8.87

-200.00	9.16

200.00	9.38

